position
[120 76],[121 76],[122 76],[123 76],[124 76],[125 76],[126 76],[127 76],[128 76],[129 76],[130 76],
[120 77],[121 77],[122 77],[123 77],[124 77],[125 77],[126 77],[127 77],[128 77],[129 77],[130 77],
[120 78],[121 78],[122 78],[123 78],[124 78],[125 78],[126 78],[127 78],[128 78],[129 78],[130 78],
[120 79],[121 79],[122 79],[123 79],[124 79],[125 79],[126 79],[127 79],[128 79],[129 79],[130 79],
[120 80],[121 80],[122 80],[123 80],[124 80],[125 80],[126 80],[127 80],[128 80],[129 80],[130 80],
[120 81],[121 81],[122 81],[123 81],[124 81],[125 81],[126 81],[127 81],[128 81],[129 81],[130 81],
[120 82],[121 82],[122 82],[123 82],[124 82],[125 82],[126 82],[127 82],[128 82],[129 82],[130 82],
[120 83],[121 83],[122 83],[123 83],[124 83],[125 83],[126 83],[127 83],[128 83],[129 83],[130 83],
[120 84],[121 84],[122 84],[123 84],[124 84],[125 84],[126 84],[127 84],[128 84],[129 84],[130 84],
[120 85],[121 85],[122 85],[123 85],[124 85],[125 85],[126 85],[127 85],[128 85],[129 85],[130 85],
[120 86],[121 86],[122 86],[123 86],[124 86],[125 86],[126 86],[127 86],[128 86],[129 86],[130 86],
Keypoint[blue]: [ 81 125   0], color: (161, 167)
203,200,197,193,190,188,188,189,191,195,198,
200,196,191,186,183,181,181,184,188,193,198,
197,191,185,179,175,173,174,177,183,189,196,
194,187,179,172,168,166,167,172,178,186,193,
192,184,176,168,163,161,163,168,175,184,192,
192,184,175,168,163,161,163,168,175,184,192,
193,185,177,170,166,164,166,171,178,186,194,
196,189,182,176,172,171,173,177,183,190,197,
199,193,188,183,180,180,181,185,190,196,201,
201,197,193,190,188,188,190,193,197,202,205,
201,198,195,194,194,195,197,200,203,206,209,
dx dy
'-3.17' '-2.58','-4.08' '-3.00','-5.08' '-3.58','-6.17' '-3.67','-6.08' '-2.58','-6.17' '-1.00','-5.83' '0.58','-3.50' '1.42','-2.08' '3.17','-0.50' '3.58','0.42' '3.50',
'-3.00' '-3.58','-4.58' '-4.58','-6.17' '-5.25','-7.17' '-4.08','-7.75' '-2.50','-7.75' '-1.17','-7.25' '1.58','-6.42' '3.67','-4.17' '4.58','-3.33' '5.17','-1.00' '4.50',
'-3.08' '-5.17','-4.67' '-6.17','-6.25' '-6.17','-7.25' '-5.17','-7.75' '-3.08','-7.75' '-0.50','-7.25' '2.00','-6.25' '4.67','-5.33' '6.17','-3.75' '6.67','-2.83' '6.08',
'-2.67' '-6.08','-3.67' '-7.75','-4.67' '-7.83','-5.83' '-5.58','-6.33' '-3.00','-6.33' '-0.67','-5.83' '3.17','-4.67' '5.67','-4.25' '7.17','-2.58' '7.67','-2.17' '7.17',
'-1.00' '-7.17','-1.50' '-8.17','-2.00' '-8.25','-1.92' '-6.75','-2.58' '-3.58','-2.58' '0.00','-2.00' '3.67','-2.17' '6.08','-1.58' '8.25','-1.08' '8.75','-0.50' '7.58',
'0.50' '-7.00','0.50' '-8.83','0.42' '-8.25','1.00' '-6.08','1.67' '-3.67','1.58' '0.00','1.50' '3.67','1.58' '6.08','1.58' '8.25','1.00' '8.75','1.00' '7.67',
'2.08' '-7.75','2.58' '-8.17','3.67' '-7.75','4.08' '-5.58','4.58' '-3.08','5.08' '-0.08','5.17' '3.67','4.58' '6.17','4.08' '7.67','3.00' '8.25','2.58' '7.17',
'3.25' '-6.67','4.25' '-7.17','5.83' '-6.67','6.83' '-5.17','7.25' '-2.58','8.42' '0.58','7.75' '3.08','7.25' '5.08','6.17' '6.67','5.17' '7.25','3.58' '6.17',
'2.67' '-5.67','4.25' '-5.58','5.83' '-5.08','7.33' '-4.25','8.33' '-1.42','8.75' '0.50','8.75' '2.50','8.25' '4.67','7.25' '5.67','6.33' '5.67','4.08' '4.58',
'1.17' '-4.08','2.75' '-4.08','3.58' '-3.58','5.75' '-2.58','7.33' '-1.08','7.75' '1.08','8.33' '2.58','7.75' '3.50','6.67' '4.75','5.00' '4.08','4.08' '3.00',
'-1.42' '-3.00','-0.50' '-3.17','1.08' '-2.08','2.50' '-0.42','4.00' '0.50','5.08' '1.50','5.50' '2.58','5.58' '3.08','5.00' '3.00','4.00' '3.08','3.67' '2.67',
orientation
230.79279649503215,233.69550287742476,234.8193006387579,239.2645122980799,246.99112991717715,260.78897345918335,275.71059313749964,292.0362269401454,326.659292653523,352.05652818940956,6.78897457443879,
219.93638314696992,225.0,229.590543185606,240.32691788792218,252.12130340415865,261.4391104288354,282.3194452566366,299.74488129694225,317.7263109939063,327.17145820858747,347.4711922908485,
210.82766229986802,217.1168606832703,225.3845296595845,234.52466797179,248.30489053920311,266.3086140135487,285.4221613187387,306.7474709528639,319.1446237411043,330.6422464572087,335.0260890941166,
203.67053848472045,205.31968691030966,210.78414652632642,226.25445162268153,244.65382405805332,263.99099404250546,298.495638618245,320.5275401516562,329.33107335028507,341.3784206335124,343.17859010995915,
187.9434718105904,190.40771131249005,193.6269948598915,195.85192815428695,215.78897345918332,270.0,331.3895403340348,340.39591184917055,349.13594007791227,352.94215335011893,356.2277163906202,
175.91438322002512,176.76029970389789,177.10873040377945,170.66500153686178,155.55604521958347,90.0,22.249023657212366,14.588918732874635,10.864059922087723,6.519801751656986,7.431407971172509,
164.9536081678015,162.44645517366015,154.68031308969034,143.82037955202108,123.92979742206063,90.93919094573559,54.63753811293095,36.621327493784435,28.04015297793496,19.98310652189998,19.822464570365216,
154.010766416167,149.33107335028507,138.81407483429035,127.09283729704154,109.61209370890407,86.03534527714389,68.30489053920313,54.96380418990718,42.76882539196875,35.475332028210005,30.16006083808709,
154.79887635452494,142.721825800131,131.06982445427454,120.09424147644502,99.64804531609816,86.72951207681645,74.05460409907715,60.505044182312304,51.98848972998348,48.179830119864235,41.69813432556499,
164.05460409907715,146.04094018032373,135.0,114.19320898728877,98.40337109056082,82.04247477308286,72.77656380886854,65.69545073406329,54.530127832599945,50.76263288659846,53.69550287742477,
205.27772223555294,188.9726266148964,152.52556837372288,99.46232220802563,82.8749836510982,73.55962047831983,64.84069808396835,61.090816348852165,59.03624346792648,52.37376636133022,53.9726266148964,
magnitude
207.12377204088486,206.1819753141492,205.06370961240313,204.243658952297,205.07590058317433,206.15400122777686,143.50118563195838,145.84021412338763,147.28404624322954,148.8764635155231,3.5247143304261,
206.53451756170065,204.7074131535055,203.1174571249081,203.2459682530286,203.9751652911588,204.93706689832584,142.09215515135082,142.96369488634363,145.23900321730233,146.09139072664223,148.40157606231065,
205.3608781578852,203.5316655680115,202.4093246918783,202.4146768119567,203.55565032142383,205.41957401593666,142.09740888246733,143.1594148337983,144.13198041301513,145.73589602046877,146.62624916584494,
205.01627645411745,203.13694409327798,202.36277929610583,203.1164998221464,204.6031388919643,222.1463481581455,143.53493573962325,144.77760723107545,145.26023104147333,146.9501285395075,147.3410631456448,
205.4607964768191,204.4082244485828,203.98925965735438,205.08944525634553,206.8299422230737,146.75,147.37895221352184,147.29234441145343,147.98015069596326,148.50799641770135,149.02640053210555,
142.33421155076448,140.50088967689848,141.0839486105898,143.253490358874,145.6762010609679,1.5833333333333333,3.9616214413349042,6.286007388548703,8.40056215050186,8.806957476904268,7.731609003162134,
141.59866014745884,141.19030203554664,141.63080428431599,143.80798347487914,146.321800988248,5.084016347556547,6.335525936249404,7.683405639573002,8.68627589297559,8.77852493303972,7.618052390356882,
142.7036799727946,142.23017827138904,142.78587309518946,144.32852185975653,146.92897944245036,8.43685697138191,8.34082996136742,8.854534306092996,9.08142181721685,8.902636937696855,7.132184486926537,
143.6914131819373,143.81281236385024,144.3678990557727,145.26854920762747,148.1512224796752,8.764274071479052,9.100137361600648,9.47841114205212,9.201826509509463,8.498365855987974,6.138448953567631,
145.2546853327324,145.27603036977573,145.79404232607646,146.86260586003505,148.43126448891346,7.825350542378987,8.724566210165154,8.503675675847475,8.185776960340688,6.455510135621437,5.066913371186753,
208.06918253845814,208.60502284354408,147.25398504322763,148.93765007918955,4.031128874149275,5.300026205385948,6.076480158044713,6.378131039384151,5.830951894845301,5.05044002483392,4.533823502911814,
gaussian weights
0.01293411729446307,0.016068847514022096,0.018303472462530158,0.01911538621343449,0.018303472462530158,0.016068847514022096,0.01293411729446307,0000
0.016068847514022096,0.019963315203537665,0.0227395268870344,0.023748217156404735,0.0227395268870344,0.019963315203537665,0.016068847514022096,0000
0.018303472462530158,0.0227395268870344,0.025901814291572595,0.02705077874297654,0.025901814291572595,0.0227395268870344,0.018303472462530158,0000
0.01911538621343449,0.023748217156404735,0.02705077874297654,0.028250709481750534,0.02705077874297654,0.023748217156404735,0.01911538621343449,0000
0.018303472462530158,0.0227395268870344,0.025901814291572595,0.02705077874297654,0.025901814291572595,0.0227395268870344,0.018303472462530158,0000
0.016068847514022096,0.019963315203537665,0.0227395268870344,0.023748217156404735,0.0227395268870344,0.019963315203537665,0.016068847514022096,0000
0.01293411729446307,0.016068847514022096,0.018303472462530158,0.01911538621343449,0.018303472462530158,0.016068847514022096,0.01293411729446307,0000
00000000000
00000000000
00000000000
00000000000
Keypoint[green]: [ 81 125   1], color: (156, 163)
201,198,194,190,187,185,184,185,187,191,195,
198,193,188,183,179,177,178,180,184,189,194,
194,188,181,175,171,169,170,173,179,185,192,
191,183,176,168,163,161,163,167,174,182,190,
189,181,172,164,159,157,158,163,171,179,188,
189,180,171,163,158,156,157,163,170,179,188,
190,182,173,166,161,159,161,166,173,182,190,
193,186,178,172,168,166,168,172,179,186,193,
196,190,184,179,176,175,177,180,186,192,197,
198,193,189,186,184,184,185,189,193,198,202,
198,195,192,190,190,191,193,196,199,203,206,
dx dy
'-2.42' '-2.58','-4.08' '-3.58','-5.67' '-4.17','-6.08' '-3.58','-6.67' '-2.50','-6.75' '-1.58','-5.08' '0.00','-4.17' '1.50','-2.08' '3.08','-0.50' '4.17','0.42' '4.08',
'-3.67' '-4.17','-5.17' '-5.17','-6.75' '-5.08','-7.75' '-4.67','-8.25' '-3.17','-8.25' '-0.42','-7.25' '1.58','-6.25' '3.00','-4.17' '4.67','-3.33' '5.08','-1.75' '5.08',
'-3.67' '-5.08','-5.25' '-6.75','-6.17' '-6.75','-7.83' '-5.08','-8.33' '-3.08','-8.33' '-0.50','-7.83' '2.00','-6.83' '4.67','-5.33' '6.17','-3.67' '6.58','-2.08' '6.75',
'-2.58' '-6.67','-3.58' '-7.67','-4.58' '-7.67','-5.67' '-6.83','-6.25' '-3.58','-6.25' '0.08','-6.25' '3.08','-5.25' '5.58','-4.17' '7.75','-3.17' '8.25','-2.17' '7.08',
'-1.00' '-7.08','-1.50' '-8.75','-2.67' '-8.83','-2.58' '-6.67','-2.50' '-3.50','-2.50' '-0.58','-3.25' '3.00','-2.08' '6.83','-2.17' '8.17','-1.75' '8.67','-1.17' '8.25',
'0.50' '-7.58','0.42' '-9.33','0.50' '-8.75','1.00' '-6.67','0.92' '-3.50','0.92' '-0.67','1.58' '3.67','1.58' '6.75','0.92' '8.08','1.67' '9.33','1.08' '8.17',
'2.08' '-7.67','3.25' '-8.75','3.67' '-8.25','4.75' '-6.08','5.25' '-3.67','5.17' '0.00','5.75' '3.67','4.58' '6.08','4.75' '8.25','3.58' '8.83','2.58' '7.08',
'3.25' '-6.58','4.25' '-7.75','5.83' '-7.25','6.75' '-5.00','7.83' '-3.17','8.33' '0.00','8.33' '3.08','7.17' '5.67','6.75' '7.25','5.08' '7.08','3.50' '6.75',
'2.67' '-5.67','3.58' '-6.17','5.75' '-5.67','7.33' '-4.08','8.25' '-2.08','9.33' '0.58','8.67' '2.50','8.83' '4.58','7.17' '6.33','6.25' '5.50','4.67' '5.17',
'1.17' '-4.67','2.75' '-4.67','4.25' '-3.50','5.75' '-2.58','7.33' '-1.00','8.25' '0.42','8.25' '2.58','8.25' '4.17','6.58' '4.58','5.67' '4.67','4.67' '3.58',
'-1.42' '-3.00','0.25' '-3.08','1.08' '-2.67','2.50' '-1.00','4.00' '0.58','5.67' '1.50','6.17' '2.58','6.08' '3.00','5.67' '3.58','3.92' '3.67','3.58' '2.58',
orientation
223.09084756700364,228.73139699916044,233.67317404787977,239.50016676655258,249.4439547804165,256.7989128242944,270.0,289.7988763545249,325.95406264339834,353.15722658736905,5.826342029555775,
221.34777721969368,225.0,233.01709307365533,238.94572888364723,249.00128096561298,267.1087304037794,282.3194452566366,295.6410058243053,318.2397002961021,326.74563342528796,341.00334584451144,
215.8033441083711,217.87498365109818,222.4142056575755,237.01900245454453,249.69552629003957,266.5663696375495,284.32271997820357,304.33021719550334,319.1446237411043,330.88385373392106,342.8475782597882,
201.18134950026624,205.0509778164429,210.8720833630803,219.66784111834045,240.17291534552527,270.76389846093,296.2586595548073,316.7623910236605,331.73599585147605,339.001280965613,342.9920530445927,
188.0357107105348,189.7275785514016,196.7983717813053,201.18134950026624,215.53767779197437,256.86597769360367,312.70938995736145,343.0446869479748,345.14138555207535,348.58416047559297,351.95093829832547,
176.22771639062017,177.4438499214217,176.72951207681643,171.46923439005187,165.32360686255,126.02737338510362,23.355564859286005,13.20108717570558,6.4698199851731735,10.124671655397817,7.556344056439461,
164.79759129082385,159.62356478616363,156.03751102542182,142.01650174472292,124.93093730111057,90.0,57.47510971220896,36.99527114270714,29.931511840507792,22.080445167533366,20.037210169192985,
153.72578784527258,151.26020470831196,141.17992424918313,126.52885536698517,112.01128319791937,90.0,69.69552629003957,51.66665989090137,42.954591511112774,35.665001536861766,27.407575437818405,
154.79887635452494,149.83993916191292,134.5817900585029,119.10985555689109,104.17233770013196,86.42366562500266,73.90918365114783,62.576649292890494,48.53229458389089,48.65222278030633,42.08916217383224,
165.96375653207352,149.48976259388445,129.47245984834385,114.19320898728877,97.76516601842535,87.10873040377943,72.61302782308447,63.203918706026535,55.154266580200265,50.527540151656176,52.48088617952368,
205.27772223555294,175.36453657309735,157.89055165624833,111.80140948635182,81.70285503016314,75.17352002964434,67.27026792005532,63.749757630311116,57.69266554511789,46.88818800674093,54.21102654081667,
magnitude
207.6537248508787,205.76837706508744,204.2387627807763,204.3615056707109,204.72861440344764,205.3291733885968,144.25,145.17441617279235,147.28227810719267,148.8916459114554,4.104536785341583,
205.65052610895233,203.88245524212118,202.8252189557414,202.4210580009457,203.14822516795186,205.13576127909914,142.09215515135082,143.1147800815058,145.24165686499478,146.08846729902322,147.6708520851544,
205.00448843324816,202.7067189041569,202.0561837432571,202.06511945410074,203.15034457268342,205.01795314340427,141.51413356976045,142.57639277867068,144.13198041301513,145.81535603480023,147.40463018507933,
204.66885517288108,203.2547833248813,202.53890229890266,202.35207216905664,204.24471297386813,144.65269709817986,143.11655118197274,144.19147185446005,145.37339375247146,146.3993065026076,147.33703332458165,
205.51846699938616,204.00580397517015,203.1043109121791,204.66885517288108,206.9477926649349,209.01337344241344,146.11413442161498,147.40846971746382,147.39308743025305,147.83758449355454,148.3961711470721,
141.7508818314722,140.0006200383095,140.58422248286294,142.67017129651794,145.83621425725806,170.00247138726476,3.9939189887739195,6.93321313998383,8.135143241243853,9.480975102218594,8.238207059521844,
141.6819844659942,140.62089500181366,141.13097246490184,143.32873054625162,145.76124408695807,5.166666666666666,6.819600020854922,7.616684901509901,9.519716382329886,9.532473737470013,7.539709690845013,
142.78699170442664,141.64710649278288,142.20302876130623,144.4910848845392,146.37641734772563,8.333333333333332,8.885459407869066,9.136313382443829,9.905806378079475,8.718594433100376,7.603453162872775,
143.6914131819373,143.2115034563293,143.78168732878018,145.4350036194099,147.48093097075295,9.351544732764147,9.020039418489871,9.95161907541794,9.564111156935715,8.325412902673357,6.962199524735141,
144.6713708912567,144.69280197869014,145.895248761264,146.86260586003505,148.51449611251942,8.260515184364175,8.645004980398284,9.242489443386512,8.021672034072585,7.340905181848413,5.883711036034617,
208.06918253845814,147.76186735570326,146.67066755906654,148.3543992531997,4.042310945211635,5.8618351316896575,6.685909727844736,6.782841915041544,6.704579695170226,5.365139534273291,4.417452760232857,
gaussian weights
0.01293411729446307,0.016068847514022096,0.018303472462530158,0.01911538621343449,0.018303472462530158,0.016068847514022096,0.01293411729446307,0000
0.016068847514022096,0.019963315203537665,0.0227395268870344,0.023748217156404735,0.0227395268870344,0.019963315203537665,0.016068847514022096,0000
0.018303472462530158,0.0227395268870344,0.025901814291572595,0.02705077874297654,0.025901814291572595,0.0227395268870344,0.018303472462530158,0000
0.01911538621343449,0.023748217156404735,0.02705077874297654,0.028250709481750534,0.02705077874297654,0.023748217156404735,0.01911538621343449,0000
0.018303472462530158,0.0227395268870344,0.025901814291572595,0.02705077874297654,0.025901814291572595,0.0227395268870344,0.018303472462530158,0000
0.016068847514022096,0.019963315203537665,0.0227395268870344,0.023748217156404735,0.0227395268870344,0.019963315203537665,0.016068847514022096,0000
0.01293411729446307,0.016068847514022096,0.018303472462530158,0.01911538621343449,0.018303472462530158,0.016068847514022096,0.01293411729446307,0000
00000000000
00000000000
00000000000
00000000000
Keypoint[red]: [ 81 125   2], color: (149, 157)
193,190,186,183,179,177,177,178,180,184,188,
190,186,180,176,172,170,170,172,177,182,187,
186,180,174,168,164,162,162,166,171,178,185,
183,176,168,161,156,154,155,160,167,175,183,
181,173,165,157,151,149,151,156,164,172,181,
181,173,164,156,151,149,150,156,163,172,181,
183,175,166,159,154,152,154,159,166,175,183,
185,178,171,165,161,159,161,166,172,180,187,
188,182,177,172,169,168,170,174,179,186,191,
190,186,182,179,177,177,179,182,187,192,196,
190,187,185,183,183,184,186,190,193,197,200,
dx dy
'-3.08' '-2.58','-4.00' '-3.67','-5.67' '-3.50','-6.08' '-3.58','-6.75' '-3.25','-6.17' '-0.92','-5.75' '0.58','-4.25' '1.42','-2.00' '3.08','-0.50' '4.17','0.42' '4.08',
'-3.58' '-3.50','-5.17' '-5.25','-6.08' '-5.17','-7.75' '-4.00','-7.58' '-3.17','-7.67' '-1.00','-7.83' '0.92','-6.33' '3.67','-4.83' '5.25','-3.33' '5.00','-1.75' '5.08',
'-3.67' '-5.75','-5.25' '-6.08','-6.25' '-6.17','-7.83' '-5.17','-8.33' '-3.00','-8.33' '-1.17','-7.83' '2.08','-6.17' '4.67','-5.33' '6.08','-3.67' '7.25','-2.08' '6.58',
'-2.58' '-6.67','-3.58' '-7.67','-4.67' '-7.75','-5.67' '-6.17','-6.92' '-3.58','-6.92' '-0.58','-5.67' '3.08','-5.33' '6.25','-3.50' '7.67','-3.17' '8.17','-2.17' '7.67',
'-1.08' '-7.75','-1.58' '-8.08','-2.00' '-8.17','-2.58' '-7.33','-2.50' '-4.17','-2.50' '0.08','-2.67' '3.58','-2.08' '6.75','-2.25' '8.17','-1.75' '8.58','-1.17' '8.83',
'1.17' '-7.67','1.17' '-8.67','0.42' '-8.83','1.00' '-6.67','1.58' '-3.50','1.58' '-0.67','1.50' '3.67','1.50' '6.75','0.92' '8.08','1.58' '9.25','1.00' '8.83',
'2.08' '-7.00','2.58' '-8.83','3.67' '-8.25','4.75' '-6.08','5.17' '-3.67','5.08' '0.00','5.75' '3.67','5.17' '6.08','4.75' '8.25','4.17' '8.75','3.17' '7.67',
'2.58' '-6.67','3.58' '-7.17','5.83' '-6.67','6.75' '-5.08','7.83' '-3.17','8.33' '-0.08','8.25' '3.75','7.83' '5.58','6.67' '7.17','5.67' '7.83','4.08' '6.00',
'2.75' '-5.67','4.33' '-5.58','5.75' '-5.08','7.33' '-4.17','8.25' '-2.08','9.33' '0.50','9.33' '3.17','8.08' '4.50','7.75' '6.25','6.17' '6.17','4.58' '5.08',
'1.17' '-4.08','2.75' '-4.08','4.25' '-3.58','5.75' '-2.58','7.25' '-1.08','8.25' '1.08','8.17' '2.50','8.33' '4.08','7.17' '5.25','5.58' '4.58','4.67' '3.58',
'-1.50' '-3.08','-0.50' '-2.50','1.08' '-2.08','2.50' '-1.08','4.67' '0.58','5.58' '1.42','6.08' '3.17','6.08' '3.58','5.58' '3.50','4.58' '3.67','3.50' '2.58',
orientation
230.0424510691709,227.48955292199915,238.29857033049427,239.50016676655258,244.29004621918875,261.54497232282256,275.7927964950321,288.434948822922,327.03059609653786,353.15722658736905,5.826342029555775,
225.67403689798448,224.54164354199955,229.6582541096756,242.70042778866718,247.33544256530388,262.5685920288275,276.67446904711755,300.06858282186244,317.3662479914558,326.30993247402023,341.00334584451144,
212.52489028779104,220.7946429982914,225.3845296595845,236.59217541029108,250.20112364547506,262.03038960567864,284.8934729588416,307.11686068327026,318.758555685472,333.17212598968547,342.43972794819933,
201.18134950026624,205.0509778164429,211.05427111635277,222.58049078334366,242.61257784292383,265.1792339219073,298.5513918729602,319.5247684728342,335.4622715234222,338.8059435184577,344.2192466904846,
187.95752522691714,191.08256946302967,193.76078511179125,199.40597075400117,210.96375653207352,271.9091524329964,323.3438915840331,342.8475782597882,344.5965750375304,348.4762782961027,352.4761795613614,
171.34745820888529,172.33319573818582,177.29937066260473,171.46923439005187,155.6589100633075,112.83365417791754,22.249023657212366,12.528807709151511,6.4698199851731735,9.713251024940282,6.458816378718658,
163.42599224309103,163.69829165569263,156.03751102542182,142.01650174472292,125.36246188706906,90.0,57.47510971220896,40.34174589032438,29.931511840507792,25.46334506187161,22.44275336529435,
158.81865049973376,153.434948822922,138.81407483429035,126.98290692634467,112.01128319791937,90.57293869768348,65.55604521958347,54.52002186577415,42.929969346958906,35.88213724620421,34.23746277685754,
154.1129737336733,142.18426739242688,131.4785466230778,119.6044507460049,104.17233770013196,86.93351449887412,71.25865955480728,60.89526837258131,51.115503566285405,45.0,42.039063865836255,
164.05460409907715,146.04094018032373,130.1354855622395,114.19320898728877,98.49855887949369,82.51911382047633,72.97947438848014,63.8951459909007,53.77505574447967,50.617580590126835,52.48088617952368,
205.94229548987167,191.3099324740202,152.52556837372288,113.4286928087454,82.8749836510982,75.76271953423893,62.500861268952846,59.50016676655257,57.91781284393396,51.34019174590991,53.56914187983765,
magnitude
207.18258855415434,205.76820832080827,204.71314618808,204.3615056707109,204.13316051592943,206.21396991690182,143.58451827717667,145.09024969154734,147.36559318767576,148.8916459114554,4.104536785341583,
206.18056070132099,203.82353819473897,203.235307655382,202.89804842717328,203.61177997464793,205.11514381493683,141.50296914827538,143.04700082296185,144.59534051967236,146.08559134972896,147.6708520851544,
204.53594155768533,203.17620294819085,202.4093246918783,202.005637985126,203.21034531845183,204.53449858425134,141.51533583953994,143.24270390572156,144.12843905504715,145.84697555238427,147.3970921618801,
204.66885517288108,203.2547833248813,202.4210580009457,202.82210322239425,203.77823594398996,205.9346242001195,143.69974967116525,144.13556986393053,146.0347180943247,146.39463408502678,147.36622935922446,
204.99732383077045,204.4055405315619,204.0469036493543,204.20470734045284,206.47854341042046,148.36303541575904,146.71043381058107,147.40463018507933,147.30988218340576,147.83272265939257,148.42974394941496,
141.67147050678747,140.6715046561393,140.5006178317772,142.67017129651794,145.84192831814707,170.00737320611847,3.9616214413349042,6.914658342969665,8.135143241243853,9.384532191028194,8.889756902063057,
142.3485793942305,140.5237474988164,141.13097246490184,143.32873054625162,145.75826639413017,5.083333333333333,6.819600020854922,7.981314984943827,9.519716382329886,9.69141945801084,8.294911425419535,
142.69005357378236,142.2118187384188,142.78587309518946,144.40784258481256,146.37641734772563,8.333749989583852,9.06228448019593,9.619496983845996,9.788031240017348,9.668103341515451,7.257658789934334,
143.6929838618125,143.81529917841766,144.36455589929267,145.35177635271228,147.48093097075295,9.346716595206633,9.855906294648344,9.251501379656048,9.956153875869939,8.720983634634086,6.8445030661270225,
145.2546853327324,145.27603036977573,145.81195081336784,146.86260586003505,148.4271706932393,8.320823944244411,8.54075198354597,9.279981441552323,8.883896167285561,7.223610977589778,5.883711036034617,
207.9513331153336,209.07268805104331,147.25398504322763,148.27107775962241,4.702983686507487,5.760256552928484,6.858186511186629,7.060256526658377,6.5896594078230715,5.8695305509801114,4.350127712046063,
gaussian weights
0.01293411729446307,0.016068847514022096,0.018303472462530158,0.01911538621343449,0.018303472462530158,0.016068847514022096,0.01293411729446307,0000
0.016068847514022096,0.019963315203537665,0.0227395268870344,0.023748217156404735,0.0227395268870344,0.019963315203537665,0.016068847514022096,0000
0.018303472462530158,0.0227395268870344,0.025901814291572595,0.02705077874297654,0.025901814291572595,0.0227395268870344,0.018303472462530158,0000
0.01911538621343449,0.023748217156404735,0.02705077874297654,0.028250709481750534,0.02705077874297654,0.023748217156404735,0.01911538621343449,0000
0.018303472462530158,0.0227395268870344,0.025901814291572595,0.02705077874297654,0.025901814291572595,0.0227395268870344,0.018303472462530158,0000
0.016068847514022096,0.019963315203537665,0.0227395268870344,0.023748217156404735,0.0227395268870344,0.019963315203537665,0.016068847514022096,0000
0.01293411729446307,0.016068847514022096,0.018303472462530158,0.01911538621343449,0.018303472462530158,0.016068847514022096,0.01293411729446307,0000
00000000000
00000000000
00000000000
00000000000
